1.577836800000000000e+09
1.580246193590637684e+09
1.582643662246914387e+09
1.585107310073528290e+09
1.587583688898239136e+09
1.590029124134372950e+09
1.592564385467230082e+09
1.594861161825286150e+09
1.597444838369389057e+09
1.599886247769957066e+09
1.602385641610189915e+09
1.604668743797709942e+09
1.607181243054082394e+09
1.609488962549317122e+09
1.611859372788040400e+09
1.614123849441065311e+09
1.616465891848974943e+09
1.619044299293314695e+09
1.621550841208134651e+09
1.624039349317900658e+09
1.626449318224126816e+09
1.629013793748322010e+09
1.631274124924466372e+09
1.633797624659951210e+09
1.636292481542257309e+09
1.638686379529706478e+09
1.641258201273965836e+09
1.643525896734158516e+09
1.645860545638901234e+09
1.648154330962110281e+09
1.650583403149461985e+09
1.652885001533404112e+09
1.655146279917860031e+09
